478
383
289
500
255
105
442
477
151
461
404
351
105
7
10
441
342
113
331
177
204
342
184
85
51
150
398
176
241
392
129
7
219
421
493
254
421
5
317
142
412
379
453
255
11
137
170
294
205
185
447
237
426
67
138
330
49
467
52
76
100
497
405
191
381
162
479
223
342
260
25
429
54
148
497
103
317
168
376
374
362
92
220
432
461
492
41
342
315
16
151
124
186
183
191
92
486
306
153
404
255
69
392
498
61
411
142
157
349
53
233
362
340
9
252
396
280
234
14
89
20
325
366
194
413
440
65
197
346
303
92
264
179
125
156
158
91
256
24
450
341
252
342
368
347
432
340
246
341
308
355
339
329
266
442
312
87
377
11
472
469
75
478
200
275
121
92
349
218
206
473
267
52
30
129
491
453
271
469
111
214
41
469
64
198
455
86
238
173
322
362
57
311
314
104
302
331
89
151
133
395
401
298
97
491
116
477
281
335
160
476
3
130
280
105
495
453
215
145
196
246
252
280
427
191
187
178
240
207
159
219
436
300
419
484
375
32
492
315
379
446
178
158
274
366
277
148
447
273
147
186
128
171
180
104
279
393
397
126
98
274
65
331
36
148
85
476
238
117
216
485
442
233
72
24
198
284
478
399
281
177
256
426
196
184
10
434
41
38
208
376
390
421
12
261
103
335
164
74
228
450
70
62
312
492
365
351
74
456
19
153
274
227
23
57
215
210
26
209
192
266
478
270
114
357
500
78
164
459
299
385
16
414
213
108
126
411
367
222
62
164
398
226
425
96
431
400
83
236
267
382
310
68
345
121
470
65
204
319
383
496
489
330
434
408
459
299
491
141
174
441
251
265
493
112
311
136
380
344
330
273
90
5
397
444
370
111
328
71
431
336
186
309
381
196
78
347
284
498
341
123
157
100
314
4
301
442
281
102
24
273
360
105
21
128
75
7
181
84
202
323
380
44
172
149
231
200
113
236
223
74
488
300
331
411
241
8
305
231
8
488
114
198
195
460
245
311
133
78
407
287
140
403
115
289
214
392
58
343
368
260
353
317
41
191
384
78
102
156
348
318
384
157
70
55
428
101
340
139
479
216
20
229
140
329
499
132
147
371
170
297
47
90
312
126
203
189
433
152
444
36
285
400
60
107
448
459
356
145
145
101
397
152
170
182
185
190
367
215
425
310
418
30
132
178
329
488
329
368
388
131
427
321
437
156
83
342
172
75
169
175
406
226
98
22
238
268
274
199
290
153
114
159
271
110
311
91
86
28
490
326
247
73
111
42
409
157
427
185
57
292
302
408
76
249
395
363
439
293
471
130
74
390
415
486
202
339
85
424
460
118
339
52
306
319
89
109
164
338
244
496
181
5
291
121
455
264
283
105
69
383
449
434
294
252
40
417
367
56
21
148
237
56
367
274
219
107
58
349
154
89
189
373
352
401
346
194
477
178
202
123
47
256
92
483
181
144
353
442
234
422
341
235
461
463
257
305
488
282
226
481
410
186
467
307
2
208
25
210
30
363
376
1
478
154
449
465
494
3
84
359
434
68
25
464
203
309
214
129
483
123
175
346
21
378
82
22
399
432
429
452
93
471
450
318
441
256
22
149
450
169
368
191
489
388
264
253
293
389
354
429
147
246
353
273
230
10
177
109
110
288
332
236
461
198
289
197
52
220
398
235
406
86
122
205
187
107
343
295
234
355
44
213
35
4
326
363
469
320
326
179
134
55
387
372
387
109
118
339
482
69
470
328
46
2
101
207
309
198
34
471
298
175
192
303
344
207
366
248
124
8
1
380
81
153
488
185
302
186
295
409
46
404
193
361
58
5
438
71
26
464
194
314
290
174
229
115
74
14
168
214
277
229
375
243
65
50
210
39
462
227
273
490
168
461
12
82
230
430
337
200
421
250
260
259
103
256
491
114
459
446
117
262
126
6
387
346
411
184
185
175
4
414
90
116
176
495
368
92
21
415
205
42
469
269
438
51
157
422
431
114
82
466
99
286
218
463
366
370
147
3
211
246
124
223
24
132
390
375
257
213
234
209
365
430
272
365
493
383
178
213
140
232
271
274
223
137
422
127
75
265
485
371
18
462
432
139
284
465
468
382
259
33
110
68
335
316
426
237
237
450
304
342
86
81
160
146
250
270
163
108
372
62
182
223
126
107
325
101
36
232
163
255
352
405
421
416
262
469
253
151
312
282
77
219
370
177
426
243
48
162
403
403
96
194
232
377
103
200
124
422
240
302
240
100
73
287
431
173
454
370
352
494
146
380
62
203
225
22
130
96
15
74
82
387
296
96
93
64
147
40
260
229
294
5
64
266
187
214
7
189
124
125
99
202
473
392
86
453
395
412
68
409
170
476
442
80
83
235
187
124
168
281
168
479
497
462
79
118
436
284
346
78
183
29
264
123
484
374
320
40
26
205
435
292
256
477
350
429
76
303
271
121
115
153
451
11
454
142
111
425
330
176
309
324
207
132
374
128
205
462
216
224
141
280
473
184
333
173
346
57
259
319
112
450
12
442
402
240
321
170
256
38
138
309
402
435
378
408
471
389
78
266
434
67
463
143
389
253
462
474
231
361
306
382
40
148
445
52
106
319
33
338
281
44
236
79
333
220
461
390
362
112
497
263
368
375
62
76
370
379
285
394
119
324
104
411
357
66
17
9
9
257
9
263
452
143
312
141
158
382
407
284
498
176
274
86
100
17
346
423
32
202
179
26
76
293
110
157
307
206
448
61
338
325
436
158
74
183
400
452
268
136
231
330
266
116
112
271
235
210
397
257
86
271
139
40
339
125
62
9
239
97
321
166
408
372
47
236
11
365
136
112
74
35
291
156
250
384
31
97
350
335
96
385
284
441
252
486
428
88
492
200
25
89
119
42
453
197
480
369
42
411
498
21
171
370
472
343
117
386
432
411
483
286
313
227
96
208
262
244
291
274
366
48
392
36
319
103
53
296
322
154
475
309
477
376
295
317
6
157
55
396
244
195
430
220
375
161
37
94
234
10
192
281
156
219
126
439
345
185
377
252
33
420
405
443
105
494
83
160
225
474
108
277
82
431
251
43
160
407
390
498
289
322
99
317
372
309
237
359
123
20
218
420
167
199
44
460
355
397
137
346
427
420
102
459
32
344
277
283
337