1
1
2
2
3
3
3
4
4
4
5
5
5
5
5
6
6
7
7
7
7
8
8
8
9
9
9
9
9
10
10
10
10
11
11
11
11
12
12
12
14
14
15
16
16
17
17
18
19
20
20
20
21
21
21
21
21
22
22
22
22
23
24
24
24
24
25
25
25
25
26
26
26
26
28
29
30
30
30
31
32
32
32
33
33
33
34
35
35
36
36
36
36
37
38
38
39
40
40
40
40
40
41
41
41
41
42
42
42
42
43
44
44
44
44
46
46
47
47
47
48
48
49
50
51
51
52
52
52
52
52
53
53
54
55
55
55
56
56
57
57
57
57
58
58
58
60
61
61
62
62
62
62
62
62
64
64
64
65
65
65
65
66
67
67
68
68
68
68
69
69
69
70
70
71
71
72
73
73
74
74
74
74
74
74
74
74
75
75
75
75
76
76
76
76
76
77
78
78
78
78
78
78
79
79
80
81
81
82
82
82
82
82
83
83
83
83
84
84
85
85
85
86
86
86
86
86
86
86
87
88
89
89
89
89
89
90
90
90
91
91
92
92
92
92
92
92
93
93
94
96
96
96
96
96
96
97
97
97
98
98
99
99
99
100
100
100
100
101
101
101
101
102
102
102
103
103
103
103
103
104
104
104
105
105
105
105
105
105
106
107
107
107
107
108
108
108
109
109
109
110
110
110
110
111
111
111
111
112
112
112
112
112
113
113
114
114
114
114
114
115
115
115
116
116
116
117
117
117
118
118
118
119
119
121
121
121
121
122
123
123
123
123
123
124
124
124
124
124
124
125
125
125
126
126
126
126
126
126
127
128
128
128
129
129
129
130
130
130
131
132
132
132
132
133
133
134
136
136
136
137
137
137
138
138
139
139
139
140
140
140
141
141
141
142
142
142
143
143
144
145
145
145
146
146
147
147
147
147
147
148
148
148
148
148
149
149
150
151
151
151
151
152
152
153
153
153
153
153
154
154
154
156
156
156
156
156
157
157
157
157
157
157
157
158
158
158
158
159
159
160
160
160
160
161
162
162
163
163
164
164
164
164
166
167
168
168
168
168
168
169
169
170
170
170
170
170
171
171
172
172
173
173
173
174
174
175
175
175
175
176
176
176
176
177
177
177
177
178
178
178
178
178
179
179
179
180
181
181
181
182
182
183
183
183
184
184
184
184
185
185
185
185
185
185
186
186
186
186
186
187
187
187
187
189
189
189
190
191
191
191
191
191
192
192
192
193
194
194
194
194
195
195
196
196
196
197
197
197
198
198
198
198
198
199
199
200
200
200
200
200
202
202
202
202
202
203
203
203
204
204
205
205
205
205
205
206
206
207
207
207
207
208
208
208
209
209
210
210
210
210
211
213
213
213
213
214
214
214
214
214
215
215
215
216
216
216
218
218
218
219
219
219
219
219
220
220
220
220
222
223
223
223
223
223
224
225
225
226
226
226
227
227
227
228
229
229
229
229
230
230
231
231
231
231
232
232
232
233
233
234
234
234
234
234
235
235
235
235
236
236
236
236
236
237
237
237
237
237
238
238
238
239
240
240
240
240
241
241
243
243
244
244
244
245
246
246
246
246
247
248
249
250
250
250
251
251
252
252
252
252
252
252
253
253
253
254
255
255
255
255
256
256
256
256
256
256
256
257
257
257
257
259
259
259
260
260
260
260
261
262
262
262
263
263
264
264
264
264
265
265
266
266
266
266
266
267
267
268
268
269
270
270
271
271
271
271
271
271
272
273
273
273
273
273
274
274
274
274
274
274
274
274
275
277
277
277
277
279
280
280
280
280
281
281
281
281
281
281
282
282
283
283
284
284
284
284
284
284
285
285
286
286
287
287
288
289
289
289
289
290
290
291
291
291
292
292
293
293
293
294
294
294
295
295
295
296
296
297
298
298
299
299
300
300
301
302
302
302
302
303
303
303
304
305
305
306
306
306
307
307
308
309
309
309
309
309
309
309
310
310
311
311
311
311
312
312
312
312
312
313
314
314
314
315
315
316
317
317
317
317
317
318
318
319
319
319
319
319
320
320
321
321
321
322
322
322
323
324
324
325
325
325
326
326
326
328
328
329
329
329
329
330
330
330
330
330
331
331
331
331
332
333
333
335
335
335
335
336
337
337
338
338
338
339
339
339
339
339
340
340
340
341
341
341
341
342
342
342
342
342
342
342
343
343
343
344
344
344
345
345
346
346
346
346
346
346
346
346
347
347
348
349
349
349
350
350
351
351
352
352
352
353
353
353
354
355
355
355
356
357
357
359
359
360
361
361
362
362
362
362
363
363
363
365
365
365
365
366
366
366
366
366
367
367
367
367
368
368
368
368
368
368
369
370
370
370
370
370
370
371
371
372
372
372
372
373
374
374
374
375
375
375
375
375
376
376
376
376
377
377
377
378
378
379
379
379
380
380
380
380
381
381
382
382
382
382
383
383
383
383
384
384
384
385
385
386
387
387
387
387
388
388
389
389
389
390
390
390
390
390
392
392
392
392
392
393
394
395
395
395
396
396
397
397
397
397
397
398
398
398
399
399
400
400
400
401
401
402
402
403
403
403
404
404
404
405
405
405
406
406
407
407
407
408
408
408
408
409
409
409
410
411
411
411
411
411
411
411
412
412
413
414
414
415
415
416
417
418
419
420
420
420
421
421
421
421
421
422
422
422
422
423
424
425
425
425
426
426
426
426
427
427
427
427
428
428
429
429
429
429
430
430
430
431
431
431
431
431
432
432
432
432
432
433
434
434
434
434
434
435
435
436
436
436
437
438
438
439
439
440
441
441
441
441
442
442
442
442
442
442
442
443
444
444
445
446
446
447
447
448
448
449
449
450
450
450
450
450
450
451
452
452
452
453
453
453
453
453
454
454
455
455
456
459
459
459
459
459
460
460
460
461
461
461
461
461
461
462
462
462
462
462
463
463
463
464
464
465
465
466
467
467
468
469
469
469
469
469
469
470
470
471
471
471
471
472
472
473
473
473
474
474
475
476
476
476
477
477
477
477
477
478
478
478
478
478
479
479
479
480
481
482
483
483
483
484
484
485
485
486
486
486
488
488
488
488
488
489
489
490
490
491
491
491
491
492
492
492
492
493
493
493
494
494
494
495
495
496
496
497
497
497
497
498
498
498
498
498
499
500
500
